 0.0001 0.0008 0.0044 0.0045 0.0131 0.0021 0.0011 0.0084 0.0018 0.0000 0.0000 0.0034 0.0056 0.0054 0.0009 0.0021 0.0000 0.0057 0.0075 0.0056 0.0018 0.0015 0.0032 0.0003 0.0011 0.0000
 0.0032 0.0000 0.0000 0.0018 0.0011 0.0002 0.0002 0.0001 0.0007 0.0000 0.0000 0.0007 0.0009 0.0007 0.0018 0.0001 0.0000 0.0004 0.0013 0.0014 0.0005 0.0000 0.0000 0.0000 0.0011 0.0000
 0.0039 0.0000 0.0012 0.0004 0.0064 0.0009 0.0001 0.0002 0.0055 0.0000 0.0000 0.0008 0.0001 0.0031 0.0018 0.0000 0.0000 0.0014 0.0021 0.0006 0.0017 0.0000 0.0003 0.0005 0.0010 0.0000
 0.0015 0.0000 0.0000 0.0010 0.0107 0.0001 0.0001 0.0001 0.0016 0.0000 0.0000 0.0028 0.0002 0.0118 0.0016 0.0000 0.0000 0.0016 0.0006 0.0009 0.0011 0.0000 0.0004 0.0000 0.0004 0.0000
 0.0000 0.0058 0.0055 0.0039 0.0039 0.0025 0.0032 0.0251 0.0037 0.0002 0.0028 0.0072 0.0048 0.0064 0.0003 0.0040 0.0000 0.0148 0.0084 0.0094 0.0011 0.0053 0.0030 0.0001 0.0012 0.0005
 0.0010 0.0000 0.0001 0.0012 0.0023 0.0014 0.0003 0.0002 0.0027 0.0000 0.0000 0.0005 0.0000 0.0008 0.0094 0.0000 0.0000 0.0006 0.0013 0.0005 0.0001 0.0000 0.0001 0.0000 0.0003 0.0000
 0.0018 0.0000 0.0000 0.0002 0.0020 0.0001 0.0001 0.0000 0.0010 0.0000 0.0000 0.0001 0.0000 0.0075 0.0003 0.0000 0.0000 0.0006 0.0006 0.0001 0.0012 0.0000 0.0000 0.0000 0.0005 0.0000
 0.0000 0.0000 0.0046 0.0003 0.0015 0.0006 0.0016 0.0005 0.0000 0.0000 0.0000 0.0000 0.0001 0.0009 0.0003 0.0007 0.0000 0.0003 0.0030 0.0315 0.0002 0.0000 0.0048 0.0000 0.0005 0.0000
 0.0016 0.0006 0.0015 0.0057 0.0040 0.0021 0.0010 0.0072 0.0000 0.0000 0.0008 0.0057 0.0026 0.0037 0.0013 0.0008 0.0000 0.0077 0.0042 0.0128 0.0005 0.0019 0.0037 0.0004 0.0018 0.0002
 0.0000 0.0002 0.0000 0.0001 0.0001 0.0001 0.0000 0.0000 0.0000 0.0000 0.0000 0.0001 0.0000 0.0003 0.0000 0.0000 0.0000 0.0001 0.0000 0.0000 0.0000 0.0000 0.0000 0.0000 0.0000 0.0000
 0.0010 0.0000 0.0008 0.0000 0.0002 0.0000 0.0000 0.0000 0.0008 0.0000 0.0000 0.0003 0.0000 0.0003 0.0005 0.0000 0.0000 0.0011 0.0002 0.0000 0.0000 0.0000 0.0000 0.0000 0.0000 0.0000
 0.0077 0.0021 0.0016 0.0007 0.0046 0.0010 0.0004 0.0003 0.0039 0.0000 0.0000 0.0055 0.0000 0.0010 0.0017 0.0029 0.0000 0.0012 0.0006 0.0012 0.0028 0.0000 0.0004 0.0000 0.0006 0.0001
 0.0018 0.0001 0.0000 0.0009 0.0043 0.0003 0.0001 0.0001 0.0032 0.0000 0.0000 0.0004 0.0005 0.0007 0.0044 0.0000 0.0000 0.0015 0.0014 0.0014 0.0009 0.0000 0.0001 0.0000 0.0004 0.0000
 0.0172 0.0000 0.0000 0.0005 0.0120 0.0002 0.0003 0.0002 0.0169 0.0000 0.0003 0.0001 0.0003 0.0009 0.0145 0.0000 0.0000 0.0012 0.0019 0.0008 0.0033 0.0000 0.0010 0.0000 0.0003 0.0000
 0.0002 0.0011 0.0059 0.0037 0.0046 0.0038 0.0023 0.0046 0.0063 0.0004 0.0003 0.0028 0.0028 0.0065 0.0023 0.0028 0.0000 0.0054 0.0071 0.0111 0.0002 0.0006 0.0017 0.0001 0.0028 0.0000
 0.0031 0.0000 0.0001 0.0007 0.0032 0.0003 0.0001 0.0001 0.0003 0.0000 0.0000 0.0002 0.0016 0.0007 0.0029 0.0026 0.0000 0.0008 0.0024 0.0008 0.0017 0.0000 0.0002 0.0004 0.0007 0.0000
 0.0001 0.0000 0.0000 0.0001 0.0014 0.0000 0.0000 0.0000 0.0000 0.0000 0.0000 0.0002 0.0000 0.0000 0.0000 0.0000 0.0000 0.0000 0.0002 0.0000 0.0000 0.0000 0.0000 0.0000 0.0000 0.0000
 0.0101 0.0006 0.0007 0.0010 0.0154 0.0004 0.0021 0.0008 0.0021 0.0000 0.0000 0.0002 0.0000 0.0005 0.0113 0.0042 0.0000 0.0018 0.0006 0.0030 0.0049 0.0000 0.0001 0.0000 0.0005 0.0000
 0.0067 0.0005 0.0001 0.0032 0.0145 0.0008 0.0007 0.0003 0.0106 0.0000 0.0002 0.0012 0.0006 0.0051 0.0037 0.0003 0.0000 0.0039 0.0041 0.0032 0.0042 0.0000 0.0003 0.0000 0.0017 0.0000
 0.0124 0.0000 0.0038 0.0039 0.0080 0.0042 0.0013 0.0022 0.0088 0.0000 0.0001 0.0019 0.0006 0.0110 0.0053 0.0014 0.0000 0.0063 0.0121 0.0053 0.0045 0.0000 0.0006 0.0001 0.0021 0.0000
 0.0012 0.0025 0.0016 0.0008 0.0007 0.0011 0.0008 0.0002 0.0000 0.0004 0.0000 0.0008 0.0013 0.0012 0.0096 0.0007 0.0020 0.0006 0.0030 0.0022 0.0000 0.0000 0.0001 0.0001 0.0001 0.0000
 0.0024 0.0000 0.0000 0.0004 0.0016 0.0001 0.0000 0.0000 0.0014 0.0000 0.0000 0.0002 0.0000 0.0004 0.0013 0.0000 0.0000 0.0005 0.0002 0.0004 0.0000 0.0000 0.0001 0.0000 0.0003 0.0000
 0.0007 0.0000 0.0001 0.0009 0.0041 0.0004 0.0002 0.0007 0.0001 0.0000 0.0003 0.0005 0.0002 0.0015 0.0036 0.0001 0.0000 0.0010 0.0027 0.0016 0.0000 0.0000 0.0002 0.0000 0.0014 0.0000
 0.0000 0.0000 0.0000 0.0000 0.0017 0.0000 0.0000 0.0000 0.0001 0.0000 0.0000 0.0000 0.0000 0.0001 0.0000 0.0000 0.0000 0.0000 0.0000 0.0000 0.0001 0.0000 0.0000 0.0000 0.0000 0.0000
 0.0027 0.0019 0.0000 0.0006 0.0017 0.0001 0.0001 0.0001 0.0000 0.0000 0.0003 0.0047 0.0003 0.0014 0.0004 0.0002 0.0000 0.0017 0.0004 0.0021 0.0001 0.0000 0.0000 0.0000 0.0000 0.0000
 0.0001 0.0000 0.0000 0.0000 0.0000 0.0000 0.0000 0.0000 0.0004 0.0000 0.0000 0.0000 0.0000 0.0000 0.0002 0.0000 0.0000 0.0000 0.0000 0.0000 0.0001 0.0000 0.0000 0.0000 0.0000 0.0001
