#2A((1.0E-4 8.0E-4 0.0044 0.0045 0.0131 0.0021 0.0011 0.0084 0.0018 0.0 0.0
     0.0034 0.0056 0.0054 9.0E-4 0.0021 0.0 0.0057 0.0075 0.0056 0.0018 0.0015
     0.0032 3.0E-4 0.0011 0.0)
    (0.0032 0.0 0.0 0.0018 0.0011 2.0E-4 2.0E-4 1.0E-4 7.0E-4 0.0 0.0 7.0E-4
     9.0E-4 7.0E-4 0.0018 1.0E-4 0.0 4.0E-4 0.0013 0.0014 5.0E-4 0.0 0.0 0.0
     0.0011 0.0)
    (0.0039 0.0 0.0012 4.0E-4 0.0064 9.0E-4 1.0E-4 2.0E-4 0.0055 0.0 0.0 8.0E-4
     1.0E-4 0.0031 0.0018 0.0 0.0 0.0014 0.0021 6.0E-4 0.0017 0.0 3.0E-4 5.0E-4
     0.001 0.0)
    (0.0015 0.0 0.0 0.001 0.0107 1.0E-4 1.0E-4 1.0E-4 0.0016 0.0 0.0 0.0028
     2.0E-4 0.0118 0.0016 0.0 0.0 0.0016 6.0E-4 9.0E-4 0.0011 0.0 4.0E-4 0.0
     4.0E-4 0.0)
    (0.0 0.0058 0.0055 0.0039 0.0039 0.0025 0.0032 0.0251 0.0037 2.0E-4 0.0028
     0.0072 0.0048 0.0064 3.0E-4 0.004 0.0 0.0148 0.0084 0.0094 0.0011 0.0053
     0.003 1.0E-4 0.0012 5.0E-4)
    (0.001 0.0 1.0E-4 0.0012 0.0023 0.0014 3.0E-4 2.0E-4 0.0027 0.0 0.0 5.0E-4
     0.0 8.0E-4 0.0094 0.0 0.0 6.0E-4 0.0013 5.0E-4 1.0E-4 0.0 1.0E-4 0.0
     3.0E-4 0.0)
    (0.0018 0.0 0.0 2.0E-4 0.002 1.0E-4 1.0E-4 0.0 0.001 0.0 0.0 1.0E-4 0.0
     0.0075 3.0E-4 0.0 0.0 6.0E-4 6.0E-4 1.0E-4 0.0012 0.0 0.0 0.0 5.0E-4 0.0)
    (0.0 0.0 0.0046 3.0E-4 0.0015 6.0E-4 0.0016 5.0E-4 0.0 0.0 0.0 0.0 1.0E-4
     9.0E-4 3.0E-4 7.0E-4 0.0 3.0E-4 0.003 0.0315 2.0E-4 0.0 0.0048 0.0 5.0E-4
     0.0)
    (0.0016 6.0E-4 0.0015 0.0057 0.004 0.0021 0.001 0.0072 0.0 0.0 8.0E-4
     0.0057 0.0026 0.0037 0.0013 8.0E-4 0.0 0.0077 0.0042 0.0128 5.0E-4 0.0019
     0.0037 4.0E-4 0.0018 2.0E-4)
    (0.0 2.0E-4 0.0 1.0E-4 1.0E-4 1.0E-4 0.0 0.0 0.0 0.0 0.0 1.0E-4 0.0 3.0E-4
     0.0 0.0 0.0 1.0E-4 0.0 0.0 0.0 0.0 0.0 0.0 0.0 0.0)
    (0.001 0.0 8.0E-4 0.0 2.0E-4 0.0 0.0 0.0 8.0E-4 0.0 0.0 3.0E-4 0.0 3.0E-4
     5.0E-4 0.0 0.0 0.0011 2.0E-4 0.0 0.0 0.0 0.0 0.0 0.0 0.0)
    (0.0077 0.0021 0.0016 7.0E-4 0.0046 0.001 4.0E-4 3.0E-4 0.0039 0.0 0.0
     0.0055 0.0 0.001 0.0017 0.0029 0.0 0.0012 6.0E-4 0.0012 0.0028 0.0 4.0E-4
     0.0 6.0E-4 1.0E-4)
    (0.0018 1.0E-4 0.0 9.0E-4 0.0043 3.0E-4 1.0E-4 1.0E-4 0.0032 0.0 0.0 4.0E-4
     5.0E-4 7.0E-4 0.0044 0.0 0.0 0.0015 0.0014 0.0014 9.0E-4 0.0 1.0E-4 0.0
     4.0E-4 0.0)
    (0.0172 0.0 0.0 5.0E-4 0.012 2.0E-4 3.0E-4 2.0E-4 0.0169 0.0 3.0E-4 1.0E-4
     3.0E-4 9.0E-4 0.0145 0.0 0.0 0.0012 0.0019 8.0E-4 0.0033 0.0 0.001 0.0
     3.0E-4 0.0)
    (2.0E-4 0.0011 0.0059 0.0037 0.0046 0.0038 0.0023 0.0046 0.0063 4.0E-4
     3.0E-4 0.0028 0.0028 0.0065 0.0023 0.0028 0.0 0.0054 0.0071 0.0111 2.0E-4
     6.0E-4 0.0017 1.0E-4 0.0028 0.0)
    (0.0031 0.0 1.0E-4 7.0E-4 0.0032 3.0E-4 1.0E-4 1.0E-4 3.0E-4 0.0 0.0 2.0E-4
     0.0016 7.0E-4 0.0029 0.0026 0.0 8.0E-4 0.0024 8.0E-4 0.0017 0.0 2.0E-4
     4.0E-4 7.0E-4 0.0)
    (1.0E-4 0.0 0.0 1.0E-4 0.0014 0.0 0.0 0.0 0.0 0.0 0.0 2.0E-4 0.0 0.0 0.0
     0.0 0.0 0.0 2.0E-4 0.0 0.0 0.0 0.0 0.0 0.0 0.0)
    (0.0101 6.0E-4 7.0E-4 0.001 0.0154 4.0E-4 0.0021 8.0E-4 0.0021 0.0 0.0
     2.0E-4 0.0 5.0E-4 0.0113 0.0042 0.0 0.0018 6.0E-4 0.003 0.0049 0.0 1.0E-4
     0.0 5.0E-4 0.0)
    (0.0067 5.0E-4 1.0E-4 0.0032 0.0145 8.0E-4 7.0E-4 3.0E-4 0.0106 0.0 2.0E-4
     0.0012 6.0E-4 0.0051 0.0037 3.0E-4 0.0 0.0039 0.0041 0.0032 0.0042 0.0
     3.0E-4 0.0 0.0017 0.0)
    (0.0124 0.0 0.0038 0.0039 0.008 0.0042 0.0013 0.0022 0.0088 0.0 1.0E-4
     0.0019 6.0E-4 0.011 0.0053 0.0014 0.0 0.0063 0.0121 0.0053 0.0045 0.0
     6.0E-4 1.0E-4 0.0021 0.0)
    (0.0012 0.0025 0.0016 8.0E-4 7.0E-4 0.0011 8.0E-4 2.0E-4 0.0 4.0E-4 0.0
     8.0E-4 0.0013 0.0012 0.0096 7.0E-4 0.002 6.0E-4 0.003 0.0022 0.0 0.0
     1.0E-4 1.0E-4 1.0E-4 0.0)
    (0.0024 0.0 0.0 4.0E-4 0.0016 1.0E-4 0.0 0.0 0.0014 0.0 0.0 2.0E-4 0.0
     4.0E-4 0.0013 0.0 0.0 5.0E-4 2.0E-4 4.0E-4 0.0 0.0 1.0E-4 0.0 3.0E-4 0.0)
    (7.0E-4 0.0 1.0E-4 9.0E-4 0.0041 4.0E-4 2.0E-4 7.0E-4 1.0E-4 0.0 3.0E-4
     5.0E-4 2.0E-4 0.0015 0.0036 1.0E-4 0.0 0.001 0.0027 0.0016 0.0 0.0 2.0E-4
     0.0 0.0014 0.0)
    (0.0 0.0 0.0 0.0 0.0017 0.0 0.0 0.0 1.0E-4 0.0 0.0 0.0 0.0 1.0E-4 0.0 0.0
     0.0 0.0 0.0 0.0 1.0E-4 0.0 0.0 0.0 0.0 0.0)
    (0.0027 0.0019 0.0 6.0E-4 0.0017 1.0E-4 1.0E-4 1.0E-4 0.0 0.0 3.0E-4 0.0047
     3.0E-4 0.0014 4.0E-4 2.0E-4 0.0 0.0017 4.0E-4 0.0021 1.0E-4 0.0 0.0 0.0
     0.0 0.0)
    (1.0E-4 0.0 0.0 0.0 0.0 0.0 0.0 0.0 4.0E-4 0.0 0.0 0.0 0.0 0.0 2.0E-4 0.0
     0.0 0.0 0.0 0.0 1.0E-4 0.0 0.0 0.0 0.0 1.0E-4))